row=50 col=50
713	932	568	832	794	951	535	731	958	38	292	53	117	688	867	423	654	696	779	224	626	135	455	594	986	831	385	67	489	97	784	371	601	636	506	558	566	946	478	24	270	219	191	996	550	788	54	863	806	492	689	789	818	582	937	710	787	729	254	212	254	734	666	709	25	826	15	39	406	275	780	40	651	488	707	40	935	112	928	655	533	775	297	18	960	892	572	61	273	872	314	627	665	862	804	589	699	747	410	782	
251	350	484	787	278	726	952	664	819	62	885	434	754	420	941	467	907	860	206	799	312	159	183	921	187	129	357	886	842	959	49	898	71	813	677	761	825	684	390	415	129	564	635	189	622	932	272	483	561	774	533	794	564	15	536	901	435	71	14	768	566	72	735	53	966	946	161	952	12	614	855	407	77	727	704	769	700	908	237	417	25	798	430	673	314	809	402	68	302	393	234	17	551	911	164	350	838	570	905	909	
24	680	571	253	57	899	63	256	181	985	176	200	398	174	946	815	780	518	651	910	95	113	949	617	91	521	362	855	918	540	171	91	58	107	176	588	696	18	305	498	908	37	939	920	70	859	114	840	440	445	858	861	563	215	95	496	259	819	695	326	402	348	997	118	844	104	462	442	829	217	444	169	733	785	50	925	79	913	868	694	258	596	97	968	816	849	128	490	183	177	349	447	675	717	866	264	245	766	685	957	
794	396	225	96	954	562	618	750	529	456	826	734	100	406	727	678	354	720	717	503	564	489	432	844	52	362	898	162	555	352	68	947	985	586	663	245	529	999	524	30	699	81	256	797	482	816	393	45	820	459	61	178	689	227	399	80	703	713	850	597	694	504	295	986	489	591	247	113	77	995	682	615	692	214	331	532	222	537	76	652	727	221	58	43	202	212	23	94	623	122	772	455	38	10	289	57	398	828	306	564	
557	377	609	468	185	774	359	1000	178	505	289	951	112	106	419	123	920	83	461	370	133	549	967	245	92	691	284	348	855	701	830	649	408	108	569	153	475	480	641	500	809	975	583	841	504	845	497	149	179	384	764	41	181	135	691	893	935	763	261	800	596	460	310	102	323	25	126	894	428	699	883	619	932	854	436	236	585	785	47	73	175	428	917	183	775	579	853	592	434	850	661	809	758	365	578	431	980	271	105	339	
58	531	1000	728	910	59	920	151	506	788	410	297	395	409	764	158	220	850	671	944	259	156	113	765	424	447	318	743	864	587	894	385	979	452	621	269	966	214	249	900	837	650	748	50	243	93	956	323	69	85	786	2	471	14	680	78	78	549	696	385	208	154	811	59	422	492	130	923	734	256	24	688	806	903	238	655	892	934	583	108	903	413	232	604	788	163	852	675	538	492	376	402	514	900	259	819	636	743	133	454	
759	40	192	589	74	556	53	761	646	199	537	962	944	882	931	81	666	150	351	294	860	212	871	247	621	721	671	776	698	414	156	932	925	225	819	375	639	784	986	459	905	200	564	708	871	423	876	18	30	410	386	967	165	388	181	672	532	883	160	787	119	614	236	315	117	102	608	215	583	227	974	580	922	275	271	211	895	244	10	944	510	580	682	640	928	431	708	15	180	895	874	493	259	454	906	684	828	860	927	796	
969	643	815	863	655	388	599	437	872	698	457	84	63	974	869	566	64	390	308	363	690	740	505	309	789	928	116	183	264	240	899	589	205	529	616	805	148	284	292	91	691	712	965	991	298	521	836	622	571	186	406	965	924	696	366	865	330	636	433	264	290	999	57	388	833	256	428	748	164	35	121	89	87	952	610	932	790	136	796	548	976	833	1	782	925	785	574	498	168	429	406	959	359	196	392	309	754	540	533	451	
207	475	759	190	94	947	91	294	113	11	126	152	244	531	9	802	555	920	927	927	273	876	219	463	187	154	684	572	215	295	401	997	287	316	564	547	230	504	508	375	700	244	984	805	168	269	509	965	508	367	820	253	769	146	743	59	358	703	321	594	652	657	893	695	873	250	105	662	910	111	145	747	395	749	162	774	797	728	777	160	323	541	281	950	750	376	100	161	258	525	536	79	964	551	932	869	481	611	323	374	
876	522	210	820	783	677	593	572	225	509	180	835	483	889	893	637	360	36	702	315	412	250	652	327	441	828	534	879	837	422	907	904	22	104	788	957	304	201	608	533	697	489	408	503	249	119	858	321	560	885	837	966	735	959	12	397	482	779	32	29	345	714	487	941	428	735	840	324	616	896	296	193	191	113	382	575	511	925	295	587	888	810	217	383	796	435	707	27	792	86	122	271	601	676	753	23	205	533	321	590	
466	142	738	328	740	204	592	771	933	782	507	568	476	433	859	663	27	853	814	578	297	701	531	568	967	456	901	439	40	289	747	855	242	475	796	911	275	694	431	344	822	88	833	440	968	630	991	117	279	797	861	216	326	492	863	681	700	120	410	292	213	527	905	716	296	946	487	275	288	836	335	81	434	711	773	944	174	283	397	72	33	447	210	570	69	207	164	810	791	619	732	764	320	628	282	488	860	909	488	454	
278	952	876	640	721	623	891	217	901	979	688	865	400	659	454	961	615	800	540	617	329	492	845	281	912	662	914	214	808	983	854	687	276	895	555	157	857	389	632	756	475	432	160	719	691	174	682	68	418	61	502	78	115	867	553	985	407	402	960	778	594	644	720	273	423	15	86	883	626	267	50	119	672	474	741	894	787	591	421	371	101	991	111	995	956	934	816	621	602	478	373	248	463	574	7	51	427	22	907	510	
272	631	340	851	114	737	511	183	81	989	506	211	547	892	603	374	505	891	82	384	138	247	327	261	824	836	207	719	901	488	356	661	776	673	743	24	362	269	482	623	661	3	41	742	724	267	452	449	650	212	402	697	251	546	652	674	369	407	314	303	950	182	117	360	896	874	206	582	977	759	95	882	814	867	491	756	391	452	788	646	50	75	664	964	347	461	989	899	673	884	513	866	771	769	680	237	840	231	407	563	
608	721	215	836	778	795	118	490	522	821	36	353	159	40	131	758	454	419	104	256	850	165	17	369	340	153	544	980	533	605	886	50	935	785	457	22	169	744	841	923	972	687	721	736	4	760	962	458	892	496	592	267	392	997	285	218	197	224	864	70	481	827	322	710	896	826	88	589	285	141	951	186	668	18	733	58	628	311	78	567	876	582	932	671	857	497	472	974	495	694	36	679	565	950	790	960	724	810	61	738	
499	121	164	921	77	200	249	958	206	793	757	968	5	596	796	457	697	840	799	594	593	903	543	655	105	985	580	696	741	107	415	376	716	757	531	359	43	732	650	685	278	52	809	925	54	244	316	205	558	293	822	84	265	72	704	381	914	911	958	992	782	487	212	834	671	884	802	948	327	686	339	124	112	266	14	749	137	507	668	951	448	797	734	286	97	715	272	151	455	231	96	846	830	120	137	396	172	477	828	96	
648	909	378	368	65	682	940	169	902	27	698	969	180	515	361	223	421	454	86	282	767	789	293	173	400	826	299	309	485	550	671	360	763	268	807	569	877	206	81	969	342	114	266	290	637	586	806	515	387	709	100	584	370	376	807	526	366	737	202	649	658	102	674	365	449	117	444	718	926	232	726	31	526	293	256	343	859	442	508	996	698	356	96	948	100	761	698	821	474	730	693	218	35	91	529	333	81	507	300	350	
31	475	825	645	857	756	455	651	925	91	449	510	918	351	242	312	388	6	365	630	697	458	347	122	393	834	827	170	772	321	568	389	688	462	648	923	266	60	152	142	463	260	399	781	745	927	641	531	921	798	848	599	537	224	225	130	78	622	478	641	877	167	351	118	311	61	872	650	973	774	967	578	855	912	290	213	769	632	600	287	830	155	809	371	830	720	845	793	832	863	180	583	183	376	91	500	608	665	74	773	
840	483	253	231	798	200	437	355	297	236	561	272	531	14	877	855	920	40	97	451	956	464	851	379	573	879	724	606	169	871	759	51	893	359	726	896	856	849	342	685	334	866	398	564	626	435	295	557	206	586	646	646	149	762	874	416	636	842	770	521	773	768	448	662	325	966	373	590	711	904	30	342	79	212	521	576	237	973	561	678	306	973	735	218	872	258	445	235	225	325	131	234	63	853	453	886	111	98	923	558	
197	999	835	39	333	373	33	294	36	736	761	871	659	695	120	761	597	679	435	619	672	763	553	673	839	773	636	604	305	210	757	618	102	378	863	846	896	829	320	615	553	648	137	707	239	876	848	465	847	961	318	766	215	925	81	763	599	974	854	780	33	705	269	970	732	478	793	279	421	193	254	475	949	887	287	443	290	14	243	371	86	119	907	698	693	520	790	456	609	122	897	26	438	635	726	903	906	334	332	501	
790	700	94	232	218	816	589	693	472	111	486	934	244	811	48	267	427	138	977	757	890	825	933	92	63	707	9	168	626	454	916	650	97	779	178	717	722	189	891	773	533	334	923	165	410	951	193	220	440	241	854	866	74	284	747	349	974	841	344	556	835	92	411	958	618	904	472	74	458	754	445	214	543	552	11	40	72	771	914	814	703	473	355	78	793	667	272	386	84	252	215	376	829	691	288	221	832	41	822	906	
929	21	569	995	970	909	118	56	857	593	373	822	906	730	237	902	372	871	578	706	443	295	916	356	825	124	897	100	461	542	464	814	268	723	240	747	20	693	356	165	630	739	348	324	16	709	150	707	224	666	334	772	792	932	663	679	874	929	340	176	963	912	639	137	161	214	623	751	827	5	405	103	259	992	674	638	794	752	874	875	163	448	170	338	676	489	966	106	744	791	829	593	917	639	923	327	661	854	92	655	
169	117	434	405	153	237	543	879	833	798	427	587	897	734	993	746	156	504	499	613	337	230	241	37	334	160	349	473	504	190	642	71	71	527	674	71	494	816	766	127	446	614	500	631	7	518	412	727	843	736	715	245	122	790	465	683	169	797	950	230	879	70	654	818	242	113	541	258	731	805	939	399	472	213	899	627	289	893	414	323	489	267	889	333	895	352	292	904	90	837	939	877	3	49	426	467	136	883	838	759	
59	321	431	899	760	202	84	231	451	640	708	611	687	735	514	509	884	327	564	163	505	12	959	407	31	939	196	158	928	415	228	898	487	436	420	136	949	988	659	834	584	422	220	405	759	595	11	314	3	144	897	705	86	140	473	19	437	815	140	618	167	368	628	367	208	615	330	247	453	43	642	330	355	91	647	944	550	198	320	874	213	532	262	479	856	823	398	424	724	349	162	885	23	472	189	353	642	813	186	604	
652	225	362	774	874	43	751	578	379	687	698	396	118	118	753	80	554	787	92	377	907	886	212	25	386	77	508	27	276	801	764	858	775	330	319	666	918	294	34	691	253	311	317	844	154	465	307	839	812	762	983	129	269	41	213	156	208	980	751	362	183	249	939	539	80	135	949	496	121	722	530	811	514	462	390	331	358	951	740	6	794	838	574	289	467	38	73	666	473	921	85	18	155	12	814	759	627	408	475	120	
50	101	105	775	787	233	886	111	584	181	581	44	857	458	364	310	178	753	224	657	780	710	707	498	71	98	518	896	753	227	0	420	466	249	279	427	845	172	914	285	688	639	72	799	294	246	32	988	771	848	185	520	690	968	867	531	638	569	44	881	980	586	175	504	212	292	926	632	895	570	74	321	616	843	541	60	38	234	188	482	424	775	969	557	893	90	312	736	131	453	726	899	218	657	706	105	538	78	10	232	
68	592	522	364	913	253	376	932	671	301	561	567	645	816	116	72	128	941	211	487	455	527	368	346	910	417	647	717	77	370	612	151	711	426	521	738	573	653	67	927	455	886	877	39	582	380	425	927	104	336	13	868	756	597	998	489	497	107	443	613	484	358	194	858	154	39	737	395	421	931	340	529	281	130	678	254	361	479	889	390	929	656	680	363	293	243	470	157	233	638	979	240	967	965	789	781	907	762	1	469	
704	532	119	46	624	446	28	953	847	137	881	965	139	361	166	171	966	320	860	537	481	364	324	995	977	539	29	730	645	245	359	128	619	589	912	51	672	841	54	232	659	54	621	287	697	957	404	277	34	92	69	252	515	272	457	490	910	733	30	302	164	644	481	516	265	309	96	965	994	522	188	594	938	412	504	416	447	532	833	249	678	566	250	53	588	94	385	610	200	734	179	270	747	511	345	579	286	924	642	769	
473	674	755	876	20	462	247	972	145	690	809	375	507	579	388	488	800	877	895	669	712	721	568	32	27	754	53	573	526	650	745	494	74	437	862	767	889	182	211	605	62	269	130	708	80	240	811	297	538	116	890	441	824	102	190	16	352	463	135	772	553	888	381	883	718	180	54	606	628	907	146	80	87	1000	507	207	131	121	692	171	275	740	827	626	689	499	702	532	174	989	244	548	662	484	388	131	839	445	203	217	
362	992	500	8	921	269	925	521	430	458	414	456	907	318	48	896	216	866	967	920	31	57	254	275	733	192	538	617	302	292	938	381	208	202	997	966	284	400	960	272	322	39	35	67	6	435	300	511	226	572	884	903	992	664	561	905	438	865	762	551	969	676	925	64	767	857	819	259	720	623	291	421	795	379	846	120	202	369	259	587	965	55	702	586	171	939	720	594	20	40	766	396	599	636	839	857	533	284	961	19	
884	271	361	446	615	171	689	993	89	227	317	557	822	423	970	521	187	458	101	696	254	461	665	612	683	241	15	540	36	957	151	460	644	65	384	98	139	593	524	826	731	612	254	632	972	340	671	871	109	882	609	469	163	161	510	689	816	344	422	260	634	594	368	929	890	218	822	19	378	179	309	458	155	139	480	19	930	833	85	260	356	175	870	929	471	401	769	982	25	912	956	229	49	98	816	96	104	160	973	332	
831	859	101	966	572	199	198	433	555	914	278	276	454	206	101	134	846	122	871	189	811	854	328	750	862	40	432	165	678	637	793	418	623	931	194	346	283	286	529	205	791	843	772	256	712	921	557	171	968	128	43	575	506	51	456	879	496	866	137	41	580	992	138	953	643	901	118	474	45	581	423	919	911	455	761	479	535	920	385	497	431	920	182	421	17	165	421	913	716	503	360	915	946	500	984	719	754	459	250	95	
84	583	510	690	254	843	828	745	538	448	62	578	434	949	478	786	767	991	748	46	926	620	539	29	946	790	430	857	646	972	550	712	906	938	20	464	967	661	604	161	612	379	932	258	592	419	677	96	923	240	79	271	998	692	98	960	175	615	958	624	889	913	881	55	619	522	486	552	287	189	827	110	480	157	670	494	876	255	156	796	141	727	206	58	937	892	594	205	44	148	14	141	14	399	579	86	714	206	896	673	
357	115	406	100	207	108	735	177	66	661	758	274	409	582	196	849	58	903	614	31	195	660	114	36	26	920	520	524	796	624	329	289	765	182	658	779	824	469	837	504	618	551	278	191	138	847	648	26	335	420	984	971	575	42	428	553	943	487	737	725	994	92	970	62	589	712	267	569	947	140	179	298	524	604	47	65	389	490	242	196	345	25	593	525	564	435	826	69	775	293	966	512	420	229	131	337	705	500	805	449	
445	661	729	183	654	456	110	812	128	707	837	709	593	196	785	314	442	35	682	95	872	831	490	610	743	700	888	476	407	224	733	708	753	994	39	854	458	153	558	376	15	490	479	67	864	467	998	256	985	735	102	557	392	49	830	480	879	52	670	425	98	265	2	987	82	422	962	877	170	871	562	726	459	810	7	948	535	96	131	985	827	669	830	106	683	866	926	658	297	576	801	471	777	601	234	848	918	205	918	503	
446	920	587	884	740	224	939	45	95	230	320	279	125	703	879	147	209	303	200	359	248	522	871	279	263	283	601	446	616	714	907	241	695	955	746	768	750	111	182	304	9	21	729	885	773	268	537	455	424	884	36	856	635	542	746	647	125	890	261	929	355	778	569	995	613	380	208	767	167	78	145	42	961	980	957	835	405	936	163	314	459	589	370	184	78	869	730	2	628	536	408	72	303	443	315	147	490	177	1000	12	
186	756	99	768	768	515	89	597	610	536	793	724	172	156	525	674	178	809	731	307	529	483	762	448	598	480	120	328	119	664	111	214	568	818	179	406	250	726	417	485	797	145	591	136	91	571	551	437	136	302	276	200	740	423	361	459	836	981	869	298	896	717	949	553	518	614	555	968	31	648	323	394	343	273	197	664	43	264	268	644	312	11	768	444	407	261	861	346	911	649	566	897	926	383	896	921	168	906	298	525	
935	125	612	569	482	707	870	621	854	19	314	777	546	449	28	729	779	246	251	376	939	457	103	652	253	699	112	210	255	998	464	31	216	640	350	563	164	410	694	745	904	794	549	968	398	198	13	529	421	990	22	452	377	296	848	712	209	634	578	531	727	919	328	219	22	862	735	784	879	136	547	448	708	258	374	429	540	338	382	114	308	31	612	776	210	668	44	849	641	283	489	86	853	916	830	914	834	755	244	38	
446	841	494	139	930	814	415	805	938	409	849	5	843	724	683	667	588	290	520	567	595	614	443	845	45	374	855	766	716	854	756	201	36	707	46	432	866	638	733	729	720	437	996	885	461	523	466	828	622	750	172	42	532	604	203	391	796	717	944	319	290	835	608	460	368	469	36	891	535	496	906	155	604	608	460	211	275	890	799	527	495	527	715	283	755	997	35	712	215	616	495	903	901	576	814	619	855	168	173	740	
23	468	748	718	352	822	179	25	784	200	284	213	480	18	290	562	77	398	313	258	606	205	910	708	207	307	98	291	97	524	11	331	579	996	336	224	531	411	86	376	39	919	564	261	1000	489	237	754	540	562	441	792	666	262	130	525	104	546	560	598	206	527	679	246	216	127	970	815	34	477	177	335	886	652	464	458	500	190	703	15	724	422	393	416	294	371	531	455	493	885	951	725	53	495	840	948	599	323	413	133	
264	246	257	28	452	947	590	811	207	665	50	944	804	955	458	395	453	345	105	355	962	289	710	461	396	305	148	967	748	783	407	420	881	670	621	797	189	989	584	548	835	121	818	795	66	979	356	957	27	808	60	165	357	687	652	344	106	20	430	963	489	967	443	83	650	223	727	730	871	19	737	396	549	601	27	964	817	865	719	377	719	61	675	816	182	704	843	132	3	43	369	497	489	500	919	63	445	420	231	166	
862	917	85	952	844	733	275	39	644	505	193	951	609	769	455	935	555	177	41	31	211	64	669	74	746	872	886	189	496	753	605	344	482	535	172	818	579	43	536	443	811	420	957	214	420	388	929	83	933	554	269	502	505	247	263	768	143	533	366	858	427	828	603	258	457	867	244	813	628	861	47	909	308	439	157	844	187	177	833	328	512	850	498	833	820	920	14	276	307	992	384	543	70	110	547	170	210	445	140	965	
140	843	681	207	1	370	853	249	756	848	833	640	796	799	694	990	553	713	699	759	370	155	249	907	764	276	910	456	863	469	301	670	498	409	942	591	338	196	837	778	378	284	602	246	702	815	455	859	730	652	284	629	746	121	893	52	309	162	108	691	886	181	406	691	814	586	653	820	571	797	498	88	889	923	652	577	783	475	478	864	595	683	502	514	834	671	853	636	320	600	458	742	769	757	305	978	784	929	552	363	
228	982	420	254	852	138	865	356	126	802	799	738	581	651	279	349	936	117	393	116	877	4	319	347	392	813	325	124	320	908	998	9	881	878	786	882	645	829	452	515	292	799	721	592	335	66	995	645	849	129	527	91	480	193	453	983	341	466	499	822	114	33	377	797	706	327	992	452	233	263	227	479	777	117	99	397	660	462	244	902	202	948	124	743	388	532	741	301	553	441	819	802	71	792	482	326	284	859	589	157	
927	237	4	508	252	2	532	403	635	818	788	524	440	665	154	280	588	578	855	200	879	795	190	385	986	481	247	224	679	133	247	314	354	191	128	131	469	211	314	821	802	696	1	912	607	270	796	248	85	683	39	945	62	955	828	663	642	723	954	76	786	366	246	937	869	869	639	423	333	837	235	84	516	861	269	432	318	809	515	427	76	469	98	71	766	639	890	778	789	877	447	909	193	752	690	667	285	733	95	212	
225	434	80	257	639	572	90	703	724	890	402	450	984	633	49	560	833	405	373	813	615	483	511	817	753	618	382	965	207	769	750	918	18	464	438	493	459	813	288	347	863	823	830	32	436	997	693	83	508	99	682	788	452	160	257	160	92	360	360	436	149	414	655	972	569	922	145	11	163	2	772	12	920	241	63	718	549	967	947	88	332	938	658	787	950	3	265	411	423	279	634	518	172	431	814	737	501	642	473	211	
629	323	990	515	740	879	655	434	413	192	245	595	263	22	325	583	540	238	24	836	777	657	21	97	234	582	284	992	337	271	241	473	147	967	345	648	673	734	184	669	486	720	387	52	680	32	63	417	859	875	88	516	783	25	109	60	327	46	15	161	716	542	174	115	141	75	754	117	967	664	797	203	150	587	368	922	559	445	294	147	978	358	615	458	288	318	230	718	428	649	841	44	560	248	798	500	522	933	103	517	
171	229	668	504	477	620	531	354	510	522	308	962	28	124	351	244	628	550	410	617	859	634	894	613	874	96	857	201	572	1000	546	760	49	523	824	487	236	845	160	341	891	99	942	390	979	156	20	434	942	465	268	448	4	577	114	331	214	207	639	706	148	624	439	158	81	736	525	751	112	939	259	804	207	396	639	60	620	86	39	156	189	894	543	565	707	138	763	297	126	126	511	185	535	388	78	60	807	269	454	804	
669	580	613	742	901	631	207	515	46	508	617	423	983	405	574	54	530	771	743	233	137	425	814	196	245	57	994	902	734	227	843	138	461	209	565	791	789	265	327	324	318	574	960	202	767	492	460	177	767	38	176	826	543	962	21	275	805	959	520	193	109	364	723	26	323	613	438	381	820	329	395	666	589	905	409	908	182	628	169	97	623	872	9	976	641	419	733	935	673	857	441	723	673	526	437	43	333	426	750	735	
89	662	490	557	290	92	978	17	47	219	163	730	213	590	831	106	859	850	945	229	365	494	314	642	505	487	790	316	261	688	94	166	883	601	714	76	435	806	741	124	685	9	204	407	790	758	549	868	618	132	897	590	425	662	917	243	937	451	898	487	443	656	701	479	798	30	857	59	208	913	961	692	660	233	723	751	322	102	818	951	245	333	698	868	73	778	921	250	572	662	311	122	436	549	378	360	196	192	445	684	
771	169	59	403	925	497	157	371	229	9	602	374	995	924	468	799	814	365	887	939	81	850	829	284	14	160	547	501	381	732	203	741	592	29	24	282	407	573	2	320	219	646	870	121	676	164	874	401	469	758	397	472	93	240	406	742	663	378	725	673	351	342	6	839	98	458	707	572	600	152	989	374	554	705	951	830	97	811	665	990	187	474	741	889	991	225	502	582	548	761	450	130	16	280	884	415	801	737	590	784	
752	784	460	905	213	745	309	373	646	952	733	565	86	349	2	138	171	377	260	419	44	930	893	60	845	802	225	734	935	191	484	530	1000	547	585	541	244	969	422	165	73	929	781	803	787	854	449	859	936	419	547	529	59	975	99	673	388	179	416	61	388	419	412	504	772	370	599	365	734	475	41	888	887	592	781	390	261	311	755	28	794	891	951	160	723	866	89	295	169	361	734	908	774	517	149	700	313	478	65	218	
505	727	665	432	265	94	155	163	164	562	926	813	694	682	180	870	277	387	306	102	208	527	112	822	786	438	100	253	207	68	869	146	774	75	585	523	95	973	90	783	10	465	889	314	917	502	5	760	934	452	265	921	243	644	1000	467	455	411	575	435	786	56	478	14	364	577	396	545	639	362	493	737	710	304	979	665	323	436	762	852	288	65	756	783	300	331	400	82	179	263	629	303	721	40	483	312	888	344	251	267	
58	314	878	20	181	516	355	892	379	33	195	306	449	909	634	78	943	911	634	243	416	980	830	291	199	751	703	882	635	210	76	961	401	615	466	775	636	839	93	110	426	97	101	660	631	596	999	484	175	430	909	17	633	407	876	147	242	266	619	164	592	664	613	627	387	532	345	728	2	219	786	356	66	146	347	961	259	33	867	934	987	193	682	913	399	876	385	233	8	22	397	508	886	667	117	723	708	127	381	885	
709	117	250	790	763	269	196	942	450	310	451	233	448	258	535	753	756	666	124	464	690	781	893	618	201	60	919	784	104	388	657	57	947	310	759	176	970	25	818	965	501	326	879	113	753	252	792	62	421	352	439	756	579	666	288	126	122	506	840	965	281	37	640	516	329	810	13	760	330	294	198	475	445	571	997	77	845	787	755	737	514	11	1000	328	870	707	808	980	482	719	942	51	611	291	332	832	6	331	167	306	
291	349	272	173	385	55	552	837	847	326	474	143	296	565	658	760	182	550	949	52	926	675	153	221	64	479	878	435	982	51	940	500	523	452	43	16	197	322	344	309	528	747	993	214	992	557	351	618	175	473	43	901	614	792	436	481	340	258	874	700	860	583	224	59	317	759	579	693	128	957	223	136	90	639	147	159	196	752	634	404	522	163	879	598	316	516	436	61	39	587	69	74	456	875	97	259	556	248	303	979	
692	612	379	477	485	664	721	614	699	375	486	167	454	454	439	961	53	603	834	144	928	701	637	67	37	873	793	809	899	472	517	842	769	588	601	159	124	637	664	955	776	288	500	223	66	756	594	847	501	840	893	393	509	598	129	876	211	535	609	294	683	834	607	95	267	978	133	883	935	665	696	438	513	832	798	748	174	787	621	916	44	14	267	857	54	809	366	892	945	189	326	72	675	164	160	272	664	29	686	552	
507	253	664	197	951	521	514	730	393	320	812	149	602	67	594	177	185	878	799	989	256	673	131	820	498	945	501	85	418	765	531	269	239	865	34	368	806	939	684	969	482	246	946	713	477	858	442	661	396	236	752	538	905	307	452	539	826	888	795	217	900	182	175	888	607	489	719	548	737	508	875	956	612	346	24	967	378	841	857	614	4	255	517	508	930	352	951	844	90	357	371	380	675	649	20	954	597	780	186	586	
255	795	484	228	200	531	911	114	568	735	344	369	122	202	670	540	329	335	568	92	84	630	776	9	939	1000	96	792	908	852	980	516	534	780	996	610	308	969	991	309	359	275	163	321	914	752	900	842	922	649	858	157	528	122	884	376	674	389	85	614	260	191	287	949	204	917	971	674	898	445	323	257	676	377	785	733	521	990	461	570	545	931	457	671	582	171	832	821	541	521	220	652	572	229	831	712	880	873	269	227	
279	58	845	356	547	378	943	918	406	544	849	224	761	547	581	509	742	375	415	80	574	658	719	421	712	393	330	292	10	299	606	336	496	124	11	318	608	787	120	597	624	839	993	726	540	429	415	470	34	853	473	970	531	303	308	298	446	494	933	929	389	36	311	673	998	567	554	909	81	862	424	446	992	349	487	492	732	192	578	395	967	751	722	552	498	152	40	529	313	128	945	489	61	393	401	540	995	298	501	534	
277	418	666	777	163	120	764	181	777	88	162	710	652	590	508	242	80	221	889	433	399	266	669	522	826	323	140	295	878	92	790	203	678	130	913	934	353	166	202	287	637	290	738	687	358	847	256	59	394	200	679	471	2	411	17	541	275	698	158	853	830	232	122	647	641	130	220	433	995	584	319	3	351	223	136	507	310	646	952	840	244	791	7	475	171	758	549	681	369	228	512	987	361	184	818	275	722	576	573	313	
889	715	334	516	175	826	985	462	992	911	737	158	230	766	370	237	653	572	503	375	27	341	502	605	320	714	950	433	631	647	457	59	916	72	60	968	276	132	361	709	744	217	9	993	576	357	811	979	719	982	653	973	665	438	937	186	615	674	108	40	144	738	117	178	537	664	299	210	982	933	597	259	113	868	89	579	131	828	691	901	940	248	79	973	893	257	729	381	302	216	132	513	966	60	784	894	569	739	804	121	
273	498	247	560	139	841	860	178	316	605	612	941	76	826	22	143	317	107	998	707	693	714	441	532	847	310	995	397	804	216	453	774	546	859	55	977	939	625	798	708	498	24	64	281	853	784	339	994	544	236	206	634	144	798	100	283	50	470	925	804	24	858	23	315	694	118	297	87	420	506	245	147	696	749	767	331	530	46	368	235	359	859	340	393	725	539	177	572	707	687	243	152	875	230	836	279	712	201	677	470	
575	715	273	286	327	271	268	459	26	957	789	428	528	136	53	778	683	983	865	244	569	318	140	41	179	157	878	62	412	934	858	117	249	119	832	239	660	747	431	510	858	756	889	246	250	748	929	711	9	585	639	161	916	154	383	749	353	649	853	182	994	951	681	29	310	97	760	672	936	701	519	450	2	609	10	649	880	778	355	883	886	257	446	307	304	43	116	202	665	100	639	758	868	852	233	95	211	182	996	424	
853	588	693	690	677	662	31	641	488	193	384	325	732	808	57	9	817	415	93	858	992	144	58	166	54	469	688	944	234	801	689	713	399	575	64	292	128	776	17	982	747	883	113	261	714	50	589	623	16	494	360	171	948	425	836	924	983	248	260	731	872	652	265	346	460	14	294	338	856	156	9	898	169	676	220	972	966	35	356	780	628	643	43	246	499	98	633	14	957	958	514	725	97	712	970	413	801	16	450	985	
300	432	686	972	579	678	182	883	741	148	308	178	767	552	812	820	727	819	891	128	78	742	958	941	447	477	287	672	775	445	960	441	436	361	338	206	8	419	104	818	432	16	314	447	269	647	240	836	346	722	590	740	810	763	877	570	641	280	704	122	450	448	306	586	582	420	711	483	438	369	670	687	161	156	502	113	210	776	706	474	219	607	65	411	570	857	432	252	194	842	778	786	158	168	1	960	464	647	328	609	
886	44	776	830	73	665	891	432	681	657	70	631	698	331	210	71	129	453	592	47	958	528	573	598	808	694	244	738	279	59	280	186	872	311	564	430	111	331	117	222	301	955	953	944	551	584	697	621	888	723	283	734	567	29	70	362	34	274	137	12	414	807	203	186	901	895	215	715	38	739	114	839	103	55	293	484	724	706	209	815	10	482	880	300	658	84	171	267	766	465	249	778	663	884	313	543	181	729	525	532	
169	414	644	55	624	446	861	340	891	436	355	591	336	824	807	407	704	860	976	910	780	75	285	763	325	243	750	774	247	21	809	338	857	83	802	546	313	883	835	149	969	516	933	747	604	188	51	623	164	525	572	428	563	99	59	887	309	303	101	273	925	270	295	490	133	256	66	225	943	936	115	17	183	617	146	245	707	811	911	212	966	870	44	491	135	736	773	735	123	639	556	278	790	361	13	719	237	335	982	509	
846	85	587	173	545	509	744	957	500	664	892	802	123	899	867	723	707	512	521	781	394	910	262	337	7	511	228	323	29	205	161	646	293	541	45	168	169	582	695	365	799	831	216	494	762	368	156	486	795	381	179	318	624	991	892	815	954	855	201	833	627	708	246	416	537	251	893	734	460	697	811	372	647	490	371	47	708	786	152	549	85	809	569	796	807	211	548	602	897	319	70	110	0	910	295	619	854	487	932	534	
228	476	907	685	156	393	258	421	775	847	938	289	174	361	999	297	466	845	641	882	537	717	458	803	523	692	800	613	196	259	608	273	504	566	323	738	123	481	765	517	379	76	222	735	672	628	21	501	660	997	469	876	401	816	990	253	955	749	804	127	615	736	298	36	887	75	887	526	74	990	613	960	304	319	886	726	885	394	776	526	622	839	373	221	457	635	197	19	478	477	677	541	617	319	332	291	228	652	966	844	
982	910	66	400	38	458	251	383	921	236	983	403	305	931	445	242	784	196	288	969	744	927	593	121	918	492	139	951	229	585	585	695	748	830	408	485	662	936	336	405	107	171	643	26	109	444	262	931	991	238	530	615	982	736	807	859	644	230	582	836	21	762	603	429	207	285	864	366	155	14	276	470	14	388	506	821	325	279	540	549	79	605	188	296	297	154	837	929	847	367	45	105	222	73	361	314	5	128	551	870	
476	859	711	163	94	17	993	24	725	168	714	876	732	74	912	908	731	93	231	722	968	188	482	668	99	916	269	828	603	894	981	198	651	302	753	766	816	67	717	166	22	817	1000	164	172	58	746	653	797	86	909	61	859	438	973	935	46	629	512	740	923	495	598	834	285	206	335	474	471	569	136	227	385	354	690	764	881	518	542	110	792	288	522	281	70	279	395	794	24	655	624	897	595	626	435	907	969	459	213	395	
60	878	340	835	913	83	63	905	309	906	427	1000	620	476	482	727	590	833	230	973	90	114	449	955	895	423	664	420	546	708	101	575	359	726	247	941	539	150	810	374	456	896	7	778	514	776	290	391	275	670	986	890	297	450	645	498	465	611	969	14	252	332	961	989	299	281	478	211	177	132	226	426	961	624	802	609	581	522	265	19	890	281	110	816	55	909	241	226	333	13	830	301	372	858	327	129	22	944	573	333	
285	481	795	463	48	892	787	319	208	697	948	811	876	516	600	953	854	823	65	124	127	772	725	792	412	20	905	289	550	762	958	123	938	452	996	928	310	967	506	250	333	179	213	250	114	62	65	963	240	698	144	205	725	339	634	213	263	811	856	178	728	900	387	104	993	202	119	51	412	998	227	265	944	552	578	458	839	697	588	380	860	308	202	109	175	960	304	553	192	146	148	937	247	618	843	173	53	487	431	224	
696	672	989	360	688	486	34	360	905	298	856	459	129	292	389	653	783	733	434	123	614	658	14	354	997	389	933	424	363	178	900	853	139	869	410	229	437	300	222	707	962	274	207	675	948	420	858	275	277	162	535	318	938	35	640	581	447	0	166	381	452	159	261	206	888	184	974	131	228	978	363	951	808	219	340	782	716	830	215	645	482	46	462	587	693	667	695	463	154	125	523	569	490	439	271	485	707	481	346	963	
773	243	220	504	914	484	486	379	420	334	158	658	19	194	212	143	771	1000	435	416	182	890	241	720	808	121	677	107	843	75	931	322	407	396	850	799	930	620	729	222	805	266	434	333	483	522	265	893	991	683	692	217	587	416	928	382	451	666	843	237	950	740	685	389	790	536	331	68	521	264	912	391	358	920	220	709	333	825	177	699	524	528	731	563	109	194	843	884	663	192	892	136	515	607	700	219	297	877	282	122	
845	191	641	402	419	456	188	546	617	655	151	411	923	888	659	958	997	345	862	694	874	957	133	933	358	842	765	506	851	1	163	151	88	543	430	385	924	489	580	334	79	128	199	638	406	24	928	159	584	433	197	28	605	225	32	929	966	134	234	828	808	868	546	511	230	759	140	532	711	814	465	380	551	688	957	814	935	129	621	517	503	712	898	572	716	239	311	206	784	496	458	676	989	695	921	731	708	823	637	93	
237	958	324	251	568	657	540	377	624	544	209	295	803	340	333	242	869	194	890	490	863	337	747	757	38	725	2	851	308	833	659	925	159	493	310	182	980	38	985	150	704	124	320	292	649	119	732	304	68	229	455	635	607	106	786	190	629	244	973	981	861	436	703	907	290	302	973	86	721	307	35	761	849	198	937	753	190	330	828	789	657	611	339	452	937	919	917	963	852	674	924	649	91	121	295	610	35	570	205	135	
211	751	952	935	151	889	427	605	343	309	892	748	161	969	433	733	316	489	445	236	834	911	862	806	484	827	4	869	106	292	145	886	469	83	480	452	787	173	90	729	832	210	398	709	508	106	836	39	86	155	353	844	466	851	301	932	375	979	116	144	1	135	798	68	871	252	486	84	498	574	746	946	799	993	105	826	580	201	439	925	832	581	45	124	217	585	904	671	338	393	905	652	151	571	690	913	436	732	926	353	
117	524	323	172	719	970	42	610	479	615	76	327	763	693	641	816	902	43	873	884	379	30	677	931	455	938	153	949	646	542	299	693	659	798	387	763	460	725	849	908	424	976	776	783	36	616	71	181	785	880	636	580	234	829	534	912	271	412	10	938	607	395	221	35	492	449	366	426	400	426	455	704	725	880	602	155	456	682	67	660	155	628	922	247	560	747	284	756	410	422	851	533	237	711	431	349	45	838	392	817	
498	360	72	726	816	410	269	783	52	688	516	810	687	959	606	330	786	299	283	51	648	33	659	181	790	336	421	715	208	789	350	879	965	140	130	521	258	868	456	119	647	249	36	277	554	899	85	99	655	441	560	530	969	0	263	109	377	195	342	655	222	680	817	252	261	500	973	124	942	38	712	516	584	562	723	183	702	994	720	24	937	866	576	292	682	61	105	96	918	708	28	542	667	318	190	136	696	15	880	954	
335	759	400	541	952	392	190	371	826	316	572	324	74	316	246	905	965	854	680	472	935	588	135	737	733	93	395	477	116	641	532	368	970	211	352	464	835	430	23	213	651	225	294	230	793	181	733	483	924	180	794	141	796	468	212	589	989	55	791	951	437	950	531	44	840	564	601	161	72	742	640	432	90	917	569	813	710	739	54	128	767	84	125	985	875	627	606	230	754	584	599	415	99	114	359	589	438	671	763	195	
814	797	430	257	85	243	14	389	556	855	809	7	746	388	362	368	145	821	520	70	174	905	348	752	937	105	18	523	165	602	873	169	464	480	489	316	746	23	418	198	727	506	205	782	647	345	337	606	580	459	515	527	858	694	920	275	915	41	255	646	143	227	103	724	886	978	724	335	642	772	972	549	273	761	624	456	509	207	23	824	312	331	631	15	330	804	61	604	201	812	415	366	295	574	952	987	653	722	164	466	
247	876	993	305	720	826	523	806	128	232	51	257	281	0	376	143	1000	344	327	50	156	888	14	969	836	827	975	377	201	557	250	651	600	172	161	373	869	440	268	896	700	692	68	795	264	65	725	893	60	961	166	787	652	438	990	599	578	783	903	768	70	463	207	417	535	325	724	428	730	835	819	741	816	221	379	438	801	244	40	330	445	504	843	352	123	248	957	408	618	982	79	652	370	966	370	669	220	363	847	232	
520	714	245	953	716	134	929	667	827	659	363	785	262	536	814	696	286	691	520	617	228	323	920	475	714	967	589	127	581	99	46	397	763	954	969	361	758	931	29	671	779	234	652	279	1000	111	278	593	881	412	510	733	203	593	432	992	576	86	3	205	904	442	813	125	401	796	764	313	484	726	367	418	484	589	175	924	723	161	275	332	52	892	924	596	108	977	398	598	385	443	373	655	873	163	634	485	860	410	862	61	
714	444	936	677	656	275	499	874	30	595	421	966	663	358	549	63	336	432	418	635	690	693	631	239	869	658	770	963	869	397	218	796	834	285	949	176	589	2	966	972	947	555	255	205	80	726	512	170	978	757	279	849	886	103	190	267	431	710	255	554	653	781	273	783	660	307	223	426	500	505	620	177	862	31	468	207	958	460	134	149	474	400	803	0	890	845	803	428	366	137	711	26	371	657	79	792	868	896	636	22	
219	168	924	400	187	322	551	679	423	447	754	386	811	931	269	565	75	818	33	186	204	888	169	987	590	792	255	698	632	605	834	320	917	108	737	590	883	687	556	373	199	624	49	977	174	134	240	126	903	633	24	149	647	939	632	686	674	386	635	834	85	594	437	304	874	495	257	553	14	732	63	77	86	376	246	725	13	622	15	229	611	848	654	513	778	724	176	349	806	859	121	12	421	988	318	734	192	547	579	231	
256	950	240	226	459	760	252	787	382	257	713	222	745	402	148	311	226	51	472	882	444	303	844	634	78	865	281	845	317	856	82	954	876	324	247	168	391	409	844	573	601	710	29	54	210	771	373	37	735	299	232	927	600	606	375	553	201	727	91	983	952	561	812	737	682	456	263	604	811	959	138	347	316	72	100	691	421	137	90	730	578	319	29	708	73	270	500	257	414	688	707	688	982	968	43	553	749	0	352	421	
128	721	984	870	795	272	677	343	877	219	937	27	12	681	782	678	287	766	703	73	908	640	471	874	119	804	809	492	863	564	748	674	245	323	738	480	90	860	686	172	491	321	246	882	752	850	981	150	953	299	827	780	142	600	998	406	929	296	495	54	192	65	49	251	521	449	86	846	571	846	73	313	743	466	241	354	156	908	795	500	529	531	21	256	353	198	541	767	936	120	138	847	456	565	366	310	463	382	890	187	
617	190	376	933	760	147	70	578	203	161	697	711	805	828	124	945	647	339	89	526	415	674	585	286	500	755	956	44	763	767	787	215	251	918	402	490	325	953	922	694	107	761	812	141	827	931	530	792	36	505	527	389	143	307	810	383	477	368	322	128	404	167	778	476	834	952	98	441	542	831	459	196	912	188	395	51	766	14	344	676	919	306	895	701	467	567	894	94	53	969	682	763	563	303	268	426	167	891	727	918	
841	997	663	837	953	162	344	693	403	170	640	492	74	598	364	44	641	336	792	713	652	9	559	382	645	653	209	137	382	605	400	547	801	803	940	138	97	210	402	707	512	408	779	936	541	372	83	542	949	684	150	943	44	150	894	538	994	90	288	444	781	997	510	599	17	109	966	507	231	791	958	214	411	391	682	673	455	578	860	686	786	453	242	700	632	850	578	661	667	552	779	262	990	186	253	601	808	597	359	330	
617	974	522	617	115	916	778	627	120	151	731	591	76	176	669	2	902	433	756	324	175	936	840	292	567	401	6	259	603	52	474	575	122	13	445	255	181	93	648	106	50	763	656	836	186	797	516	967	154	393	699	165	880	347	40	878	173	938	384	747	704	988	429	422	88	684	428	354	924	939	612	101	972	879	498	306	955	677	127	708	13	856	905	117	816	520	426	92	356	890	971	388	729	247	768	405	792	453	124	637	
174	406	146	5	602	982	403	558	976	395	328	179	969	844	767	403	227	518	609	626	482	163	987	698	647	354	790	980	629	465	807	237	881	681	305	699	394	486	455	489	279	198	496	332	933	117	18	876	538	610	21	349	285	119	707	466	188	280	657	198	872	960	629	443	375	528	659	268	228	80	141	940	561	650	382	991	947	129	761	483	177	488	940	161	138	534	94	227	390	0	119	525	651	729	107	468	937	767	883	638	
181	512	355	221	343	488	639	974	532	807	236	921	641	549	202	824	103	471	925	731	864	114	617	937	378	557	759	49	65	635	602	415	97	811	459	943	603	390	158	447	964	720	963	646	680	83	253	38	649	625	702	694	56	515	908	324	674	323	679	571	165	134	526	968	630	923	997	323	99	613	346	595	682	569	377	984	477	145	757	256	806	819	180	887	508	264	127	487	356	779	406	995	507	574	142	642	828	353	832	594	
203	392	492	704	501	648	556	846	830	869	630	355	803	322	526	188	361	414	564	30	676	667	686	545	558	302	912	451	226	660	587	944	102	348	406	97	986	552	575	512	166	90	69	154	22	515	248	237	49	297	163	692	971	507	583	918	897	728	963	130	714	829	685	557	775	308	266	189	843	504	568	199	270	331	46	64	733	727	289	12	354	892	562	124	901	643	643	289	280	818	773	600	109	426	68	981	859	85	645	301	
393	731	256	89	813	769	155	292	415	535	867	60	693	737	464	454	504	479	358	22	822	862	324	595	38	840	305	555	610	825	732	127	223	20	466	695	4	889	17	493	194	937	150	912	758	45	900	548	554	126	399	87	422	423	77	367	382	959	85	948	586	118	986	286	910	905	455	800	426	932	320	588	92	902	943	821	55	684	428	442	320	959	692	7	498	192	948	905	293	137	610	58	98	568	665	672	910	910	537	605	
344	503	129	285	704	627	235	246	57	842	623	619	311	289	660	536	552	375	843	766	249	984	154	449	149	757	352	432	285	972	578	512	844	256	740	355	150	686	245	792	680	221	612	855	356	817	881	626	631	472	486	310	860	178	741	777	711	174	889	711	698	506	763	287	551	800	813	910	923	449	80	74	492	182	163	246	1000	557	507	271	969	382	940	164	724	601	897	625	319	311	804	826	204	803	208	255	670	7	358	795	
876	302	788	936	310	281	374	490	169	618	681	304	571	921	287	650	319	892	636	980	193	798	721	721	892	894	921	616	329	337	468	675	871	299	790	413	849	665	667	691	608	762	656	958	692	914	678	139	673	392	904	185	45	21	116	78	188	48	697	802	863	306	815	866	838	96	951	313	54	183	378	748	712	754	118	272	254	710	850	640	598	633	654	106	805	926	981	302	953	109	33	440	136	274	205	973	964	711	5	163	
39	836	477	42	975	486	517	881	349	181	430	466	592	973	387	919	586	727	572	156	597	133	620	279	98	700	584	130	925	810	608	307	23	112	89	63	508	440	950	132	723	428	439	532	940	482	247	513	613	880	467	557	356	387	656	667	27	565	349	648	588	644	559	13	761	92	531	548	54	914	964	836	733	215	384	522	337	865	552	91	821	762	554	530	301	877	816	744	656	139	989	25	351	761	392	79	873	947	86	697	
528	490	775	126	660	891	410	332	215	93	265	70	132	702	457	907	408	686	112	232	997	704	486	847	84	580	759	197	284	484	830	27	209	936	440	146	716	361	137	169	80	937	638	924	276	939	739	257	556	521	672	400	486	367	36	372	196	391	459	274	998	331	271	151	854	862	839	61	898	242	33	831	602	106	189	191	16	976	543	404	845	717	29	608	644	915	455	686	110	314	516	97	654	318	445	55	120	768	65	270	
304	460	325	765	997	567	892	281	46	322	25	876	113	844	804	967	344	354	19	48	533	947	225	986	777	468	367	463	9	593	502	183	10	197	782	90	907	175	555	168	821	418	536	176	348	872	744	267	10	537	986	923	230	884	86	119	439	744	983	622	284	6	980	864	816	993	396	206	240	128	472	490	520	241	98	823	755	329	595	101	138	248	439	808	377	930	434	203	269	39	543	287	866	800	63	457	783	933	753	872	
